[[0 0 0]
 [4 4 4]
 [0 0 0]
 ...
 [3 3 3]
 [1 1 1]
 [0 0 0]]
[[  2   2   2]
 [  3   3   3]
 [  0   0   0]
 ...
 [236 236 236]
 [235 235 235]
 [230 230 230]]
[[  0   0   0]
 [  0   0   0]
 [  4   4   4]
 ...
 [228 228 228]
 [227 227 227]
 [217 217 217]]
[[  8   8   8]
 [  3   3   3]
 [ 67  67  67]
 ...
 [201 201 201]
 [200 200 200]
 [201 201 201]]
[[  0   0   0]
 [ 99  99  99]
 [206 206 206]
 ...
 [193 193 193]
 [193 193 193]
 [199 199 199]]
[[ 48  48  48]
 [202 202 202]
 [199 199 199]
 ...
 [195 195 195]
 [197 197 197]
 [197 197 197]]
[[140 140 140]
 [201 201 201]
 [151 151 151]
 ...
 [198 198 198]
 [202 202 202]
 [203 203 203]]
[[204 204 204]
 [185 185 185]
 [111 111 111]
 ...
 [196 196 196]
 [201 201 201]
 [206 206 206]]
[[200 200 200]
 [204 204 204]
 [ 67  67  67]
 ...
 [192 192 192]
 [193 193 193]
 [199 199 199]]
[[194 194 194]
 [215 215 215]
 [ 63  63  63]
 ...
 [195 195 195]
 [196 196 196]
 [195 195 195]]
[[194 194 194]
 [199 199 199]
 [ 96  96  96]
 ...
 [194 194 194]
 [195 195 195]
 [195 195 195]]
[[133 133 133]
 [195 195 195]
 [160 160 160]
 ...
 [191 191 191]
 [192 192 192]
 [197 197 197]]
[[ 55  55  55]
 [204 204 204]
 [209 209 209]
 ...
 [191 191 191]
 [192 192 192]
 [194 194 194]]
[[  0   0   0]
 [103 103 103]
 [187 187 187]
 ...
 [191 191 191]
 [193 193 193]
 [191 191 191]]
[[  4   4   4]
 [  0   0   0]
 [ 77  77  77]
 ...
 [191 191 191]
 [193 193 193]
 [193 193 193]]
[[  0   0   0]
 [  8   8   8]
 [  0   0   0]
 ...
 [193 193 193]
 [195 195 195]
 [195 195 195]]
[[ 15  15  15]
 [176 176 176]
 [192 192 192]
 ...
 [193 193 193]
 [194 194 194]
 [196 196 196]]
[[  5   5   5]
 [180 180 180]
 [179 179 179]
 ...
 [189 189 189]
 [187 187 187]
 [190 190 190]]
[[  2   2   2]
 [165 165 165]
 [168 168 168]
 ...
 [187 187 187]
 [183 183 183]
 [184 184 184]]
[[167 167 167]
 [162 162 162]
 [171 171 171]
 ...
 [193 193 193]
 [189 189 189]
 [184 184 184]]
[[165 165 165]
 [167 167 167]
 [161 161 161]
 ...
 [198 198 198]
 [196 196 196]
 [188 188 188]]
[[166 166 166]
 [168 168 168]
 [168 168 168]
 ...
 [194 194 194]
 [193 193 193]
 [189 189 189]]
[[157 157 157]
 [175 175 175]
 [174 174 174]
 ...
 [189 189 189]
 [190 190 190]
 [189 189 189]]
[[163 163 163]
 [180 180 180]
 [173 173 173]
 ...
 [188 188 188]
 [192 192 192]
 [192 192 192]]
[[185 185 185]
 [181 181 181]
 [181 181 181]
 ...
 [184 184 184]
 [186 186 186]
 [190 190 190]]
[[184 184 184]
 [186 186 186]
 [189 189 189]
 ...
 [185 185 185]
 [187 187 187]
 [186 186 186]]
[[184 184 184]
 [192 192 192]
 [197 197 197]
 ...
 [188 188 188]
 [190 190 190]
 [185 185 185]]
[[184 184 184]
 [191 191 191]
 [195 195 195]
 ...
 [186 186 186]
 [186 186 186]
 [182 182 182]]
[[169 169 169]
 [170 170 170]
 [171 171 171]
 ...
 [176 176 176]
 [175 175 175]
 [174 174 174]]
[[178 178 178]
 [174 174 174]
 [172 172 172]
 ...
 [169 169 169]
 [168 168 168]
 [170 170 170]]
[[176 176 176]
 [175 175 175]
 [172 172 172]
 ...
 [170 170 170]
 [169 169 169]
 [172 172 172]]
[[164 164 164]
 [168 168 168]
 [168 168 168]
 ...
 [173 173 173]
 [172 172 172]
 [174 174 174]]
[[166 166 166]
 [165 165 165]
 [163 163 163]
 ...
 [174 174 174]
 [174 174 174]
 [174 174 174]]
[[161 161 161]
 [160 160 160]
 [158 158 158]
 ...
 [174 174 174]
 [174 174 174]
 [174 174 174]]
[[157 157 157]
 [157 157 157]
 [158 158 158]
 ...
 [175 175 175]
 [174 174 174]
 [175 175 175]]
[[158 158 158]
 [161 161 161]
 [164 164 164]
 ...
 [176 176 176]
 [174 174 174]
 [175 175 175]]
[[169 169 169]
 [173 173 173]
 [176 176 176]
 ...
 [176 176 176]
 [174 174 174]
 [173 173 173]]
[[170 170 170]
 [172 172 172]
 [175 175 175]
 ...
 [179 179 179]
 [177 177 177]
 [174 174 174]]
[[164 164 164]
 [165 165 165]
 [165 165 165]
 ...
 [188 188 188]
 [185 185 185]
 [182 182 182]]
[[176 176 176]
 [174 174 174]
 [173 173 173]
 ...
 [196 196 196]
 [193 193 193]
 [191 191 191]]
[[178 178 178]
 [177 177 177]
 [176 176 176]
 ...
 [195 195 195]
 [193 193 193]
 [190 190 190]]
[[175 175 175]
 [176 176 176]
 [178 178 178]
 ...
 [189 189 189]
 [186 186 186]
 [185 185 185]]
[[176 176 176]
 [180 180 180]
 [186 186 186]
 ...
 [192 192 192]
 [189 189 189]
 [186 186 186]]
[[175 175 175]
 [179 179 179]
 [186 186 186]
 ...
 [196 196 196]
 [194 194 194]
 [192 192 192]]
[[180 180 180]
 [183 183 183]
 [187 187 187]
 ...
 [197 197 197]
 [195 195 195]
 [194 194 194]]
[[189 189 189]
 [190 190 190]
 [192 192 192]
 ...
 [203 203 203]
 [201 201 201]
 [197 197 197]]
[[190 190 190]
 [190 190 190]
 [191 191 191]
 ...
 [211 211 211]
 [210 210 210]
 [202 202 202]]
[[192 192 192]
 [193 193 193]
 [194 194 194]
 ...
 [212 212 212]
 [210 210 210]
 [206 206 206]]
[[192 192 192]
 [190 190 190]
 [189 189 189]
 ...
 [202 202 202]
 [202 202 202]
 [203 203 203]]
[[189 189 189]
 [189 189 189]
 [188 188 188]
 ...
 [194 194 194]
 [194 194 194]
 [197 197 197]]
[[189 189 189]
 [190 190 190]
 [190 190 190]
 ...
 [201 201 201]
 [200 200 200]
 [196 196 196]]
[[188 188 188]
 [188 188 188]
 [187 187 187]
 ...
 [205 205 205]
 [204 204 204]
 [201 201 201]]
[[188 188 188]
 [185 185 185]
 [183 183 183]
 ...
 [202 202 202]
 [201 201 201]
 [200 200 200]]
[[192 192 192]
 [189 189 189]
 [187 187 187]
 ...
 [200 200 200]
 [198 198 198]
 [195 195 195]]
[[193 193 193]
 [192 192 192]
 [191 191 191]
 ...
 [197 197 197]
 [196 196 196]
 [195 195 195]]
[[187 187 187]
 [188 188 188]
 [189 189 189]
 ...
 [201 201 201]
 [201 201 201]
 [200 200 200]]
[[192 192 192]
 [186 186 186]
 [181 181 181]
 ...
 [209 209 209]
 [209 209 209]
 [209 209 209]]
[[202 202 202]
 [195 195 195]
 [189 189 189]
 ...
 [212 212 212]
 [212 212 212]
 [212 212 212]]
[[207 207 207]
 [201 201 201]
 [195 195 195]
 ...
 [211 211 211]
 [209 209 209]
 [208 208 208]]
[[203 203 203]
 [199 199 199]
 [195 195 195]
 ...
 [212 212 212]
 [209 209 209]
 [210 210 210]]
[[196 196 196]
 [194 194 194]
 [192 192 192]
 ...
 [217 217 217]
 [215 215 215]
 [211 211 211]]
[[193 193 193]
 [192 192 192]
 [190 190 190]
 ...
 [216 216 216]
 [214 214 214]
 [208 208 208]]
[[192 192 192]
 [191 191 191]
 [190 190 190]
 ...
 [214 214 214]
 [213 213 213]
 [215 215 215]]
[[192 192 192]
 [191 191 191]
 [190 190 190]
 ...
 [220 220 220]
 [218 218 218]
 [221 221 221]]
[[200 200 200]
 [200 200 200]
 [201 201 201]
 ...
 [226 226 226]
 [225 225 225]
 [223 223 223]]
[[212 212 212]
 [212 212 212]
 [212 212 212]
 ...
 [226 226 226]
 [225 225 225]
 [223 223 223]]
[[211 211 211]
 [210 210 210]
 [210 210 210]
 ...
 [225 225 225]
 [225 225 225]
 [226 226 226]]
[[203 203 203]
 [202 202 202]
 [201 201 201]
 ...
 [220 220 220]
 [220 220 220]
 [223 223 223]]
[[202 202 202]
 [201 201 201]
 [202 202 202]
 ...
 [215 215 215]
 [215 215 215]
 [215 215 215]]
[[200 200 200]
 [201 201 201]
 [204 204 204]
 ...
 [215 215 215]
 [217 217 217]
 [215 215 215]]
[[203 203 203]
 [202 202 202]
 [203 203 203]
 ...
 [217 217 217]
 [218 218 218]
 [218 218 218]]
[[214 214 214]
 [210 210 210]
 [206 206 206]
 ...
 [215 215 215]
 [215 215 215]
 [213 213 213]]
[[212 212 212]
 [214 214 214]
 [215 215 215]
 ...
 [210 210 210]
 [210 210 210]
 [207 207 207]]
[[213 213 213]
 [215 215 215]
 [218 218 218]
 ...
 [211 211 211]
 [212 212 212]
 [212 212 212]]
[[211 211 211]
 [215 215 215]
 [218 218 218]
 ...
 [213 213 213]
 [215 215 215]
 [219 219 219]]
[[211 211 211]
 [213 213 213]
 [214 214 214]
 ...
 [200 200 200]
 [203 203 203]
 [208 208 208]]
[[212 212 212]
 [211 211 211]
 [207 207 207]
 ...
 [191 191 191]
 [191 191 191]
 [192 192 192]]
[[209 209 209]
 [206 206 206]
 [202 202 202]
 ...
 [193 193 193]
 [189 189 189]
 [184 184 184]]
[[204 204 204]
 [202 202 202]
 [200 200 200]
 ...
 [192 192 192]
 [187 187 187]
 [181 181 181]]
[[203 203 203]
 [201 201 201]
 [201 201 201]
 ...
 [193 193 193]
 [189 189 189]
 [188 188 188]]
[[212 212 212]
 [213 213 213]
 [213 213 213]
 ...
 [200 200 200]
 [198 198 198]
 [199 199 199]]
[[218 218 218]
 [218 218 218]
 [218 218 218]
 ...
 [208 208 208]
 [207 207 207]
 [206 206 206]]
[[214 214 214]
 [217 217 217]
 [219 219 219]
 ...
 [205 205 205]
 [204 204 204]
 [209 209 209]]
[[211 211 211]
 [215 215 215]
 [219 219 219]
 ...
 [221 221 221]
 [219 219 219]
 [213 213 213]]
[[223 223 223]
 [224 224 224]
 [224 224 224]
 ...
 [225 225 225]
 [222 222 222]
 [223 223 223]]
[[234 234 234]
 [233 233 233]
 [229 229 229]
 ...
 [224 224 224]
 [220 220 220]
 [223 223 223]]
[[232 232 232]
 [232 232 232]
 [229 229 229]
 ...
 [220 220 220]
 [218 218 218]
 [220 220 220]]
[[226 226 226]
 [227 227 227]
 [228 228 228]
 ...
 [225 225 225]
 [226 226 226]
 [223 223 223]]
[[215 215 215]
 [215 215 215]
 [215 215 215]
 ...
 [231 231 231]
 [232 232 232]
 [231 231 231]]
[[211 211 211]
 [212 212 212]
 [213 213 213]
 ...
 [233 233 233]
 [234 234 234]
 [232 232 232]]
[[211 211 211]
 [213 213 213]
 [216 216 216]
 ...
 [226 226 226]
 [227 227 227]
 [225 225 225]]
[[209 209 209]
 [212 212 212]
 [217 217 217]
 ...
 [221 221 221]
 [222 222 222]
 [224 224 224]]
[[203 203 203]
 [206 206 206]
 [209 209 209]
 ...
 [215 215 215]
 [218 218 218]
 [225 225 225]]
[[200 200 200]
 [201 201 201]
 [202 202 202]
 ...
 [214 214 214]
 [217 217 217]
 [225 225 225]]
[[196 196 196]
 [196 196 196]
 [196 196 196]
 ...
 [223 223 223]
 [226 226 226]
 [231 231 231]]
[[189 189 189]
 [189 189 189]
 [189 189 189]
 ...
 [226 226 226]
 [229 229 229]
 [232 232 232]]
[[184 184 184]
 [184 184 184]
 [182 182 182]
 ...
 [218 218 218]
 [228 228 228]
 [235 235 235]]
[[179 179 179]
 [179 179 179]
 [179 179 179]
 ...
 [213 213 213]
 [223 223 223]
 [234 234 234]]
[[175 175 175]
 [179 179 179]
 [183 183 183]
 ...
 [214 214 214]
 [223 223 223]
 [233 233 233]]
[[167 167 167]
 [173 173 173]
 [182 182 182]
 ...
 [214 214 214]
 [222 222 222]
 [228 228 228]]
[[168 168 168]
 [173 173 173]
 [179 179 179]
 ...
 [208 208 208]
 [216 216 216]
 [222 222 222]]
[[172 172 172]
 [175 175 175]
 [177 177 177]
 ...
 [208 208 208]
 [217 217 217]
 [222 222 222]]
[[169 169 169]
 [171 171 171]
 [174 174 174]
 ...
 [212 212 212]
 [220 220 220]
 [224 224 224]]
[[171 171 171]
 [175 175 175]
 [179 179 179]
 ...
 [209 209 209]
 [214 214 214]
 [224 224 224]]
[[173 173 173]
 [176 176 176]
 [176 176 176]
 ...
 [211 211 211]
 [211 211 211]
 [217 217 217]]
[[181 181 181]
 [182 182 182]
 [178 178 178]
 ...
 [213 213 213]
 [212 212 212]
 [216 216 216]]
[[186 186 186]
 [189 189 189]
 [187 187 187]
 ...
 [219 219 219]
 [220 220 220]
 [219 219 219]]
[[182 182 182]
 [186 186 186]
 [188 188 188]
 ...
 [222 222 222]
 [224 224 224]
 [223 223 223]]
[[176 176 176]
 [178 178 178]
 [179 179 179]
 ...
 [212 212 212]
 [214 214 214]
 [219 219 219]]
[[176 176 176]
 [177 177 177]
 [179 179 179]
 ...
 [202 202 202]
 [201 201 201]
 [207 207 207]]
[[179 179 179]
 [180 180 180]
 [182 182 182]
 ...
 [200 200 200]
 [201 201 201]
 [204 204 204]]
[[182 182 182]
 [180 180 180]
 [176 176 176]
 ...
 [202 202 202]
 [207 207 207]
 [212 212 212]]
[[185 185 185]
 [184 184 184]
 [181 181 181]
 ...
 [202 202 202]
 [208 208 208]
 [212 212 212]]
[[185 185 185]
 [187 187 187]
 [189 189 189]
 ...
 [198 198 198]
 [199 199 199]
 [203 203 203]]
[[177 177 177]
 [181 181 181]
 [187 187 187]
 ...
 [194 194 194]
 [191 191 191]
 [196 196 196]]
[[165 165 165]
 [169 169 169]
 [174 174 174]
 ...
 [194 194 194]
 [192 192 192]
 [195 195 195]]
[[157 157 157]
 [159 159 159]
 [161 161 161]
 ...
 [196 196 196]
 [196 196 196]
 [195 195 195]]
[[149 149 149]
 [149 149 149]
 [151 151 151]
 ...
 [197 197 197]
 [197 197 197]
 [196 196 196]]
[[143 143 143]
 [144 144 144]
 [146 146 146]
 ...
 [199 199 199]
 [198 198 198]
 [197 197 197]]
[[146 146 146]
 [145 145 145]
 [145 145 145]
 ...
 [200 200 200]
 [200 200 200]
 [195 195 195]]
[[144 144 144]
 [144 144 144]
 [145 145 145]
 ...
 [200 200 200]
 [198 198 198]
 [193 193 193]]
[[145 145 145]
 [145 145 145]
 [146 146 146]
 ...
 [190 190 190]
 [187 187 187]
 [187 187 187]]
[[145 145 145]
 [145 145 145]
 [146 146 146]
 ...
 [187 187 187]
 [185 185 185]
 [181 181 181]]
[[153 153 153]
 [152 152 152]
 [150 150 150]
 ...
 [188 188 188]
 [188 188 188]
 [188 188 188]]
[[165 165 165]
 [163 163 163]
 [160 160 160]
 ...
 [185 185 185]
 [186 186 186]
 [183 183 183]]
[[167 167 167]
 [166 166 166]
 [164 164 164]
 ...
 [180 180 180]
 [181 181 181]
 [186 186 186]]
[[160 160 160]
 [160 160 160]
 [162 162 162]
 ...
 [178 178 178]
 [181 181 181]
 [182 182 182]]
[[157 157 157]
 [158 158 158]
 [159 159 159]
 ...
 [177 177 177]
 [181 181 181]
 [184 184 184]]
[[166 166 166]
 [166 166 166]
 [166 166 166]
 ...
 [179 179 179]
 [185 185 185]
 [186 186 186]]
[[169 169 169]
 [172 172 172]
 [176 176 176]
 ...
 [176 176 176]
 [181 181 181]
 [185 185 185]]
[[173 173 173]
 [178 178 178]
 [183 183 183]
 ...
 [171 171 171]
 [176 176 176]
 [182 182 182]]
[[175 175 175]
 [179 179 179]
 [181 181 181]
 ...
 [170 170 170]
 [173 173 173]
 [180 180 180]]
[[176 176 176]
 [180 180 180]
 [181 181 181]
 ...
 [172 172 172]
 [172 172 172]
 [178 178 178]]
[[182 182 182]
 [187 187 187]
 [190 190 190]
 ...
 [174 174 174]
 [171 171 171]
 [174 174 174]]
[[187 187 187]
 [192 192 192]
 [196 196 196]
 ...
 [176 176 176]
 [174 174 174]
 [175 175 175]]
[[185 185 185]
 [189 189 189]
 [192 192 192]
 ...
 [181 181 181]
 [181 181 181]
 [181 181 181]]
[[186 186 186]
 [187 187 187]
 [187 187 187]
 ...
 [188 188 188]
 [190 190 190]
 [186 186 186]]
[[186 186 186]
 [186 186 186]
 [186 186 186]
 ...
 [191 191 191]
 [190 190 190]
 [185 185 185]]
[[179 179 179]
 [179 179 179]
 [179 179 179]
 ...
 [189 189 189]
 [188 188 188]
 [185 185 185]]
[[179 179 179]
 [180 180 180]
 [181 181 181]
 ...
 [178 178 178]
 [182 182 182]
 [183 183 183]]
[[177 177 177]
 [179 179 179]
 [183 183 183]
 ...
 [171 171 171]
 [176 176 176]
 [180 180 180]]
[[175 175 175]
 [178 178 178]
 [183 183 183]
 ...
 [174 174 174]
 [177 177 177]
 [184 184 184]]
[[183 183 183]
 [186 186 186]
 [190 190 190]
 ...
 [180 180 180]
 [185 185 185]
 [192 192 192]]
[[186 186 186]
 [188 188 188]
 [191 191 191]
 ...
 [184 184 184]
 [193 193 193]
 [194 194 194]]
[[194 194 194]
 [193 193 193]
 [192 192 192]
 ...
 [188 188 188]
 [193 193 193]
 [192 192 192]]
[[196 196 196]
 [196 196 196]
 [195 195 195]
 ...
 [185 185 185]
 [186 186 186]
 [187 187 187]]
[[197 197 197]
 [197 197 197]
 [196 196 196]
 ...
 [181 181 181]
 [180 180 180]
 [179 179 179]]
[[193 193 193]
 [192 192 192]
 [190 190 190]
 ...
 [179 179 179]
 [177 177 177]
 [173 173 173]]
[[182 182 182]
 [181 181 181]
 [180 180 180]
 ...
 [183 183 183]
 [179 179 179]
 [175 175 175]]
[[170 170 170]
 [170 170 170]
 [172 172 172]
 ...
 [190 190 190]
 [186 186 186]
 [182 182 182]]
[[165 165 165]
 [166 166 166]
 [171 171 171]
 ...
 [184 184 184]
 [180 180 180]
 [174 174 174]]
[[167 167 167]
 [168 168 168]
 [173 173 173]
 ...
 [168 168 168]
 [165 165 165]
 [158 158 158]]
[[171 171 171]
 [168 168 168]
 [168 168 168]
 ...
 [148 148 148]
 [148 148 148]
 [150 150 150]]
[[164 164 164]
 [163 163 163]
 [164 164 164]
 ...
 [147 147 147]
 [149 149 149]
 [153 153 153]]
[[170 170 170]
 [172 172 172]
 [175 175 175]
 ...
 [152 152 152]
 [154 154 154]
 [154 154 154]]
[[183 183 183]
 [186 186 186]
 [190 190 190]
 ...
 [158 158 158]
 [159 159 159]
 [155 155 155]]
[[185 185 185]
 [189 189 189]
 [194 194 194]
 ...
 [158 158 158]
 [157 157 157]
 [154 154 154]]
[[180 180 180]
 [186 186 186]
 [193 193 193]
 ...
 [159 159 159]
 [157 157 157]
 [153 153 153]]
[[180 180 180]
 [189 189 189]
 [197 197 197]
 ...
 [166 166 166]
 [164 164 164]
 [158 158 158]]
[[182 182 182]
 [192 192 192]
 [200 200 200]
 ...
 [173 173 173]
 [170 170 170]
 [167 167 167]]
[[188 188 188]
 [196 196 196]
 [199 199 199]
 ...
 [172 172 172]
 [170 170 170]
 [167 167 167]]
[[188 188 188]
 [193 193 193]
 [195 195 195]
 ...
 [164 164 164]
 [163 163 163]
 [158 158 158]]
[[190 190 190]
 [191 191 191]
 [192 192 192]
 ...
 [153 153 153]
 [153 153 153]
 [152 152 152]]
[[189 189 189]
 [190 190 190]
 [189 189 189]
 ...
 [149 149 149]
 [147 147 147]
 [148 148 148]]
[[191 191 191]
 [191 191 191]
 [190 190 190]
 ...
 [153 153 153]
 [151 151 151]
 [154 154 154]]
[[199 199 199]
 [199 199 199]
 [198 198 198]
 ...
 [154 154 154]
 [154 154 154]
 [160 160 160]]
[[202 202 202]
 [201 201 201]
 [199 199 199]
 ...
 [151 151 151]
 [155 155 155]
 [159 159 159]]
[[195 195 195]
 [192 192 192]
 [189 189 189]
 ...
 [150 150 150]
 [156 156 156]
 [163 163 163]]
[[199 199 199]
 [195 195 195]
 [190 190 190]
 ...
 [156 156 156]
 [163 163 163]
 [169 169 169]]
[[203 203 203]
 [198 198 198]
 [192 192 192]
 ...
 [158 158 158]
 [165 165 165]
 [170 170 170]]
[[200 200 200]
 [196 196 196]
 [190 190 190]
 ...
 [155 155 155]
 [160 160 160]
 [165 165 165]]
[[197 197 197]
 [195 195 195]
 [194 194 194]
 ...
 [148 148 148]
 [151 151 151]
 [158 158 158]]
[[201 201 201]
 [202 202 202]
 [204 204 204]
 ...
 [144 144 144]
 [147 147 147]
 [153 153 153]]
[[200 200 200]
 [202 202 202]
 [206 206 206]
 ...
 [144 144 144]
 [146 146 146]
 [148 148 148]]
[[193 193 193]
 [194 194 194]
 [196 196 196]
 ...
 [143 143 143]
 [144 144 144]
 [144 144 144]]
[[188 188 188]
 [188 188 188]
 [189 189 189]
 ...
 [143 143 143]
 [143 143 143]
 [143 143 143]]
[[198 198 198]
 [197 197 197]
 [196 196 196]
 ...
 [141 141 141]
 [140 140 140]
 [142 142 142]]
[[211 211 211]
 [208 208 208]
 [204 204 204]
 ...
 [138 138 138]
 [137 137 137]
 [142 142 142]]
[[208 208 208]
 [205 205 205]
 [201 201 201]
 ...
 [140 140 140]
 [141 141 141]
 [141 141 141]]
[[192 192 192]
 [192 192 192]
 [192 192 192]
 ...
 [146 146 146]
 [148 148 148]
 [149 149 149]]
[[183 183 183]
 [184 184 184]
 [187 187 187]
 ...
 [147 147 147]
 [149 149 149]
 [152 152 152]]
[[178 178 178]
 [178 178 178]
 [181 181 181]
 ...
 [147 147 147]
 [149 149 149]
 [152 152 152]]
[[172 172 172]
 [171 171 171]
 [172 172 172]
 ...
 [148 148 148]
 [151 151 151]
 [156 156 156]]
[[170 170 170]
 [169 169 169]
 [169 169 169]
 ...
 [148 148 148]
 [152 152 152]
 [152 152 152]]
[[174 174 174]
 [175 175 175]
 [177 177 177]
 ...
 [144 144 144]
 [148 148 148]
 [149 149 149]]
[[187 187 187]
 [188 188 188]
 [188 188 188]
 ...
 [142 142 142]
 [147 147 147]
 [146 146 146]]
[[197 197 197]
 [196 196 196]
 [195 195 195]
 ...
 [140 140 140]
 [144 144 144]
 [149 149 149]]
[[200 200 200]
 [197 197 197]
 [192 192 192]
 ...
 [140 140 140]
 [142 142 142]
 [139 139 139]]
[[200 200 200]
 [194 194 194]
 [188 188 188]
 ...
 [137 137 137]
 [138 138 138]
 [143 143 143]]
[[195 195 195]
 [191 191 191]
 [187 187 187]
 ...
 [149 149 149]
 [151 151 151]
 [155 155 155]]
[[195 195 195]
 [194 194 194]
 [192 192 192]
 ...
 [167 167 167]
 [171 171 171]
 [173 173 173]]
[[203 203 203]
 [202 202 202]
 [200 200 200]
 ...
 [164 164 164]
 [168 168 168]
 [171 171 171]]
[[214 214 214]
 [212 212 212]
 [210 210 210]
 ...
 [141 141 141]
 [144 144 144]
 [150 150 150]]
[[210 210 210]
 [209 209 209]
 [210 210 210]
 ...
 [119 119 119]
 [121 121 121]
 [131 131 131]]
[[194 194 194]
 [194 194 194]
 [196 196 196]
 ...
 [115 115 115]
 [119 119 119]
 [123 123 123]]
[[192 192 192]
 [193 193 193]
 [193 193 193]
 ...
 [126 126 126]
 [132 132 132]
 [140 140 140]]
[[196 196 196]
 [197 197 197]
 [197 197 197]
 ...
 [136 136 136]
 [142 142 142]
 [140 140 140]]
[[184 184 184]
 [185 185 185]
 [186 186 186]
 ...
 [137 137 137]
 [143 143 143]
 [141 141 141]]
[[167 167 167]
 [168 168 168]
 [168 168 168]
 ...
 [125 125 125]
 [131 131 131]
 [135 135 135]]
[[155 155 155]
 [154 154 154]
 [153 153 153]
 ...
 [119 119 119]
 [125 125 125]
 [136 136 136]]
[[148 148 148]
 [145 145 145]
 [143 143 143]
 ...
 [128 128 128]
 [133 133 133]
 [143 143 143]]
[[150 150 150]
 [148 148 148]
 [147 147 147]
 ...
 [126 126 126]
 [131 131 131]
 [135 135 135]]
[[149 149 149]
 [148 148 148]
 [148 148 148]
 ...
 [110 110 110]
 [113 113 113]
 [118 118 118]]
[[143 143 143]
 [143 143 143]
 [143 143 143]
 ...
 [109 109 109]
 [111 111 111]
 [120 120 120]]
[[137 137 137]
 [138 138 138]
 [139 139 139]
 ...
 [113 113 113]
 [116 116 116]
 [121 121 121]]
[[136 136 136]
 [138 138 138]
 [141 141 141]
 ...
 [120 120 120]
 [122 122 122]
 [125 125 125]]
[[136 136 136]
 [136 136 136]
 [138 138 138]
 ...
 [111 111 111]
 [113 113 113]
 [117 117 117]]
[[136 136 136]
 [133 133 133]
 [129 129 129]
 ...
 [113 113 113]
 [116 116 116]
 [119 119 119]]
[[136 136 136]
 [132 132 132]
 [128 128 128]
 ...
 [116 116 116]
 [117 117 117]
 [120 120 120]]
[[135 135 135]
 [135 135 135]
 [134 134 134]
 ...
 [121 121 121]
 [122 122 122]
 [121 121 121]]
[[127 127 127]
 [130 130 130]
 [133 133 133]
 ...
 [138 138 138]
 [138 138 138]
 [133 133 133]]
[[117 117 117]
 [119 119 119]
 [121 121 121]
 ...
 [129 129 129]
 [126 126 126]
 [123 123 123]]
[[109 109 109]
 [110 110 110]
 [112 112 112]
 ...
 [120 120 120]
 [118 118 118]
 [117 117 117]]
[[107 107 107]
 [109 109 109]
 [114 114 114]
 ...
 [110 110 110]
 [111 111 111]
 [109 109 109]]
[[110 110 110]
 [113 113 113]
 [119 119 119]
 ...
 [114 114 114]
 [115 115 115]
 [115 115 115]]
[[115 115 115]
 [118 118 118]
 [122 122 122]
 ...
 [121 121 121]
 [120 120 120]
 [122 122 122]]
[[117 117 117]
 [124 124 124]
 [132 132 132]
 ...
 [118 118 118]
 [116 116 116]
 [116 116 116]]
[[124 124 124]
 [127 127 127]
 [130 130 130]
 ...
 [115 115 115]
 [113 113 113]
 [114 114 114]]
[[134 134 134]
 [133 133 133]
 [130 130 130]
 ...
 [121 121 121]
 [120 120 120]
 [126 126 126]]
[[140 140 140]
 [136 136 136]
 [130 130 130]
 ...
 [126 126 126]
 [127 127 127]
 [128 128 128]]
[[142 142 142]
 [137 137 137]
 [131 131 131]
 ...
 [118 118 118]
 [120 120 120]
 [121 121 121]]
[[144 144 144]
 [141 141 141]
 [136 136 136]
 ...
 [112 112 112]
 [114 114 114]
 [117 117 117]]
[[146 146 146]
 [144 144 144]
 [141 141 141]
 ...
 [111 111 111]
 [114 114 114]
 [114 114 114]]
[[145 145 145]
 [143 143 143]
 [141 141 141]
 ...
 [109 109 109]
 [113 113 113]
 [116 116 116]]
[[137 137 137]
 [136 136 136]
 [136 136 136]
 ...
 [103 103 103]
 [105 105 105]
 [110 110 110]]
[[137 137 137]
 [135 135 135]
 [133 133 133]
 ...
 [ 98  98  98]
 [100 100 100]
 [105 105 105]]
[[145 145 145]
 [143 143 143]
 [141 141 141]
 ...
 [ 98  98  98]
 [101 101 101]
 [106 106 106]]
[[144 144 144]
 [144 144 144]
 [145 145 145]
 ...
 [ 96  96  96]
 [ 97  97  97]
 [101 101 101]]
[[138 138 138]
 [139 139 139]
 [141 141 141]
 ...
 [ 97  97  97]
 [ 97  97  97]
 [ 98  98  98]]
[[134 134 134]
 [134 134 134]
 [134 134 134]
 ...
 [ 99  99  99]
 [ 98  98  98]
 [ 97  97  97]]
[[133 133 133]
 [132 132 132]
 [130 130 130]
 ...
 [ 93  93  93]
 [ 91  91  91]
 [ 90  90  90]]
[[142 142 142]
 [141 141 141]
 [139 139 139]
 ...
 [ 92  92  92]
 [ 91  91  91]
 [ 89  89  89]]
[[140 140 140]
 [141 141 141]
 [141 141 141]
 ...
 [ 92  92  92]
 [ 91  91  91]
 [ 92  92  92]]
[[142 142 142]
 [143 143 143]
 [143 143 143]
 ...
 [ 89  89  89]
 [ 89  89  89]
 [ 87  87  87]]
[[152 152 152]
 [152 152 152]
 [148 148 148]
 ...
 [ 73  73  73]
 [ 72  72  72]
 [ 76  76  76]]
[[175 175 175]
 [172 172 172]
 [165 165 165]
 ...
 [ 63  63  63]
 [ 64  64  64]
 [ 68  68  68]]
[[189 189 189]
 [186 186 186]
 [180 180 180]
 ...
 [ 67  67  67]
 [ 71  71  71]
 [ 76  76  76]]
[[194 194 194]
 [192 192 192]
 [189 189 189]
 ...
 [ 66  66  66]
 [ 69  69  69]
 [ 75  75  75]]
[[189 189 189]
 [190 190 190]
 [190 190 190]
 ...
 [ 70  70  70]
 [ 71  71  71]
 [ 72  72  72]]
[[169 169 169]
 [172 172 172]
 [174 174 174]
 ...
 [ 88  88  88]
 [ 89  89  89]
 [ 91  91  91]]
[[146 146 146]
 [146 146 146]
 [147 147 147]
 ...
 [104 104 104]
 [105 105 105]
 [101 101 101]]
[[118 118 118]
 [119 119 119]
 [123 123 123]
 ...
 [101 101 101]
 [100 100 100]
 [100 100 100]]
[[102 102 102]
 [103 103 103]
 [106 106 106]
 ...
 [ 95  95  95]
 [ 92  92  92]
 [ 91  91  91]]
[[102 102 102]
 [100 100 100]
 [ 99  99  99]
 ...
 [ 95  95  95]
 [ 92  92  92]
 [ 85  85  85]]
[[113 113 113]
 [109 109 109]
 [105 105 105]
 ...
 [ 99  99  99]
 [ 96  96  96]
 [ 87  87  87]]
[[124 124 124]
 [120 120 120]
 [117 117 117]
 ...
 [ 91  91  91]
 [ 89  89  89]
 [ 85  85  85]]
[[124 124 124]
 [121 121 121]
 [120 120 120]
 ...
 [ 77  77  77]
 [ 75  75  75]
 [ 76  76  76]]
[[126 126 126]
 [123 123 123]
 [123 123 123]
 ...
 [ 69  69  69]
 [ 69  69  69]
 [ 70  70  70]]
[[124 124 124]
 [124 124 124]
 [125 125 125]
 ...
 [ 69  69  69]
 [ 69  69  69]
 [ 70  70  70]]
[[130 130 130]
 [130 130 130]
 [132 132 132]
 ...
 [ 68  68  68]
 [ 67  67  67]
 [ 68  68  68]]
[[135 135 135]
 [135 135 135]
 [136 136 136]
 ...
 [ 65  65  65]
 [ 64  64  64]
 [ 64  64  64]]
[[139 139 139]
 [139 139 139]
 [140 140 140]
 ...
 [ 66  66  66]
 [ 67  67  67]
 [ 73  73  73]]
[[143 143 143]
 [144 144 144]
 [145 145 145]
 ...
 [ 73  73  73]
 [ 74  74  74]
 [ 72  72  72]]
[[145 145 145]
 [145 145 145]
 [145 145 145]
 ...
 [ 74  74  74]
 [ 74  74  74]
 [ 74  74  74]]
[[144 144 144]
 [143 143 143]
 [141 141 141]
 ...
 [ 69  69  69]
 [ 68  68  68]
 [ 65  65  65]]
[[145 145 145]
 [143 143 143]
 [139 139 139]
 ...
 [ 63  63  63]
 [ 64  64  64]
 [ 64  64  64]]
[[156 156 156]
 [149 149 149]
 [140 140 140]
 ...
 [ 65  65  65]
 [ 67  67  67]
 [ 67  67  67]]
[[160 160 160]
 [154 154 154]
 [144 144 144]
 ...
 [ 70  70  70]
 [ 72  72  72]
 [ 74  74  74]]
[[161 161 161]
 [157 157 157]
 [149 149 149]
 ...
 [ 68  68  68]
 [ 69  69  69]
 [ 75  75  75]]
[[157 157 157]
 [156 156 156]
 [151 151 151]
 ...
 [ 67  67  67]
 [ 68  68  68]
 [ 72  72  72]]
[[150 150 150]
 [152 152 152]
 [153 153 153]
 ...
 [ 78  78  78]
 [ 77  77  77]
 [ 76  76  76]]
[[142 142 142]
 [145 145 145]
 [149 149 149]
 ...
 [ 85  85  85]
 [ 85  85  85]
 [ 85  85  85]]
[[131 131 131]
 [135 135 135]
 [139 139 139]
 ...
 [ 82  82  82]
 [ 81  81  81]
 [ 83  83  83]]
[[123 123 123]
 [125 125 125]
 [129 129 129]
 ...
 [ 78  78  78]
 [ 76  76  76]
 [ 74  74  74]]
[[114 114 114]
 [116 116 116]
 [120 120 120]
 ...
 [ 82  82  82]
 [ 80  80  80]
 [ 78  78  78]]
[[106 106 106]
 [108 108 108]
 [111 111 111]
 ...
 [ 83  83  83]
 [ 82  82  82]
 [ 84  84  84]]
[[101 101 101]
 [101 101 101]
 [103 103 103]
 ...
 [ 82  82  82]
 [ 81  81  81]
 [ 77  77  77]]
[[103 103 103]
 [103 103 103]
 [103 103 103]
 ...
 [ 74  74  74]
 [ 74  74  74]
 [ 69  69  69]]
[[114 114 114]
 [113 113 113]
 [113 113 113]
 ...
 [ 64  64  64]
 [ 63  63  63]
 [ 62  62  62]]
[[127 127 127]
 [126 126 126]
 [125 125 125]
 ...
 [ 57  57  57]
 [ 57  57  57]
 [ 58  58  58]]
[[129 129 129]
 [129 129 129]
 [129 129 129]
 ...
 [ 58  58  58]
 [ 59  59  59]
 [ 63  63  63]]
[[122 122 122]
 [123 123 123]
 [125 125 125]
 ...
 [ 61  61  61]
 [ 63  63  63]
 [ 64  64  64]]
[[118 118 118]
 [121 121 121]
 [123 123 123]
 ...
 [ 66  66  66]
 [ 68  68  68]
 [ 66  66  66]]
[[119 119 119]
 [123 123 123]
 [125 125 125]
 ...
 [ 65  65  65]
 [ 67  67  67]
 [ 72  72  72]]
[[120 120 120]
 [123 123 123]
 [126 126 126]
 ...
 [ 69  69  69]
 [ 73  73  73]
 [ 77  77  77]]
[[120 120 120]
 [123 123 123]
 [127 127 127]
 ...
 [ 72  72  72]
 [ 79  79  79]
 [ 81  81  81]]
[[120 120 120]
 [122 122 122]
 [126 126 126]
 ...
 [ 73  73  73]
 [ 81  81  81]
 [ 86  86  86]]
[[117 117 117]
 [117 117 117]
 [120 120 120]
 ...
 [ 78  78  78]
 [ 85  85  85]
 [ 87  87  87]]
[[116 116 116]
 [113 113 113]
 [112 112 112]
 ...
 [ 83  83  83]
 [ 88  88  88]
 [ 86  86  86]]
[[119 119 119]
 [114 114 114]
 [109 109 109]
 ...
 [ 83  83  83]
 [ 86  86  86]
 [ 85  85  85]]
[[118 118 118]
 [115 115 115]
 [113 113 113]
 ...
 [ 81  81  81]
 [ 87  87  87]
 [ 89  89  89]]
[[120 120 120]
 [118 118 118]
 [117 117 117]
 ...
 [ 92  92  92]
 [ 97  97  97]
 [ 97  97  97]]
[[123 123 123]
 [121 121 121]
 [120 120 120]
 ...
 [105 105 105]
 [110 110 110]
 [105 105 105]]
[[119 119 119]
 [116 116 116]
 [114 114 114]
 ...
 [103 103 103]
 [105 105 105]
 [103 103 103]]
[[115 115 115]
 [114 114 114]
 [112 112 112]
 ...
 [ 94  94  94]
 [ 92  92  92]
 [ 91  91  91]]
[[125 125 125]
 [127 127 127]
 [127 127 127]
 ...
 [ 80  80  80]
 [ 79  79  79]
 [ 76  76  76]]
[[131 131 131]
 [135 135 135]
 [138 138 138]
 ...
 [ 68  68  68]
 [ 67  67  67]
 [ 68  68  68]]
[[123 123 123]
 [129 129 129]
 [133 133 133]
 ...
 [ 71  71  71]
 [ 68  68  68]
 [ 66  66  66]]
[[115 115 115]
 [118 118 118]
 [121 121 121]
 ...
 [ 78  78  78]
 [ 77  77  77]
 [ 74  74  74]]
[[110 110 110]
 [111 111 111]
 [112 112 112]
 ...
 [ 87  87  87]
 [ 86  86  86]
 [ 83  83  83]]
[[113 113 113]
 [112 112 112]
 [111 111 111]
 ...
 [ 96  96  96]
 [ 95  95  95]
 [ 88  88  88]]
[[121 121 121]
 [120 120 120]
 [118 118 118]
 ...
 [104 104 104]
 [102 102 102]
 [101 101 101]]
[[126 126 126]
 [126 126 126]
 [125 125 125]
 ...
 [110 110 110]
 [109 109 109]
 [111 111 111]]
[[130 130 130]
 [129 129 129]
 [129 129 129]
 ...
 [107 107 107]
 [108 108 108]
 [106 106 106]]
[[130 130 130]
 [128 128 128]
 [125 125 125]
 ...
 [ 99  99  99]
 [100 100 100]
 [104 104 104]]
[[125 125 125]
 [121 121 121]
 [117 117 117]
 ...
 [ 94  94  94]
 [ 94  94  94]
 [102 102 102]]
[[117 117 117]
 [115 115 115]
 [113 113 113]
 ...
 [ 92  92  92]
 [ 95  95  95]
 [105 105 105]]
[[116 116 116]
 [115 115 115]
 [114 114 114]
 ...
 [ 92  92  92]
 [ 97  97  97]
 [106 106 106]]
[[117 117 117]
 [116 116 116]
 [117 117 117]
 ...
 [ 95  95  95]
 [ 98  98  98]
 [107 107 107]]
[[120 120 120]
 [119 119 119]
 [120 120 120]
 ...
 [ 93  93  93]
 [ 92  92  92]
 [ 97  97  97]]
[[120 120 120]
 [119 119 119]
 [119 119 119]
 ...
 [ 87  87  87]
 [ 83  83  83]
 [ 88  88  88]]
[[110 110 110]
 [109 109 109]
 [110 110 110]
 ...
 [ 85  85  85]
 [ 82  82  82]
 [ 82  82  82]]
[[94 94 94]
 [94 94 94]
 [95 95 95]
 ...
 [90 90 90]
 [89 89 89]
 [80 80 80]]
[[81 81 81]
 [82 82 82]
 [83 83 83]
 ...
 [94 94 94]
 [93 93 93]
 [89 89 89]]
[[88 88 88]
 [88 88 88]
 [89 89 89]
 ...
 [96 96 96]
 [97 97 97]
 [93 93 93]]
[[91 91 91]
 [92 92 92]
 [95 95 95]
 ...
 [92 92 92]
 [93 93 93]
 [95 95 95]]
[[83 83 83]
 [86 86 86]
 [91 91 91]
 ...
 [89 89 89]
 [90 90 90]
 [96 96 96]]
[[77 77 77]
 [80 80 80]
 [85 85 85]
 ...
 [92 92 92]
 [95 95 95]
 [98 98 98]]
[[ 75  75  75]
 [ 77  77  77]
 [ 80  80  80]
 ...
 [ 98  98  98]
 [102 102 102]
 [105 105 105]]
[[ 63  63  63]
 [ 64  64  64]
 [ 65  65  65]
 ...
 [102 102 102]
 [107 107 107]
 [111 111 111]]
[[ 51  51  51]
 [ 50  50  50]
 [ 50  50  50]
 ...
 [103 103 103]
 [108 108 108]
 [112 112 112]]
[[ 51  51  51]
 [ 49  49  49]
 [ 47  47  47]
 ...
 [103 103 103]
 [108 108 108]
 [110 110 110]]
[[ 55  55  55]
 [ 53  53  53]
 [ 51  51  51]
 ...
 [106 106 106]
 [108 108 108]
 [112 112 112]]
[[ 57  57  57]
 [ 54  54  54]
 [ 52  52  52]
 ...
 [ 98  98  98]
 [ 99  99  99]
 [100 100 100]]
[[55 55 55]
 [53 53 53]
 [53 53 53]
 ...
 [81 81 81]
 [81 81 81]
 [79 79 79]]
[[54 54 54]
 [54 54 54]
 [57 57 57]
 ...
 [68 68 68]
 [68 68 68]
 [71 71 71]]
[[56 56 56]
 [58 58 58]
 [61 61 61]
 ...
 [70 70 70]
 [70 70 70]
 [71 71 71]]
[[52 52 52]
 [56 56 56]
 [61 61 61]
 ...
 [77 77 77]
 [76 76 76]
 [73 73 73]]
[[48 48 48]
 [54 54 54]
 [59 59 59]
 ...
 [79 79 79]
 [78 78 78]
 [81 81 81]]
[[51 51 51]
 [56 56 56]
 [60 60 60]
 ...
 [79 79 79]
 [77 77 77]
 [80 80 80]]
[[56 56 56]
 [59 59 59]
 [62 62 62]
 ...
 [71 71 71]
 [71 71 71]
 [72 72 72]]
[[59 59 59]
 [60 60 60]
 [61 61 61]
 ...
 [64 64 64]
 [66 66 66]
 [67 67 67]]
[[57 57 57]
 [56 56 56]
 [56 56 56]
 ...
 [62 62 62]
 [65 65 65]
 [68 68 68]]
[[55 55 55]
 [54 54 54]
 [54 54 54]
 ...
 [67 67 67]
 [69 69 69]
 [67 67 67]]
[[60 60 60]
 [60 60 60]
 [61 61 61]
 ...
 [72 72 72]
 [72 72 72]
 [71 71 71]]
[[63 63 63]
 [64 64 64]
 [64 64 64]
 ...
 [77 77 77]
 [76 76 76]
 [76 76 76]]
[[54 54 54]
 [54 54 54]
 [55 55 55]
 ...
 [80 80 80]
 [80 80 80]
 [77 77 77]]
[[43 43 43]
 [43 43 43]
 [44 44 44]
 ...
 [80 80 80]
 [82 82 82]
 [86 86 86]]
[[42 42 42]
 [39 39 39]
 [39 39 39]
 ...
 [80 80 80]
 [87 87 87]
 [95 95 95]]
[[48 48 48]
 [44 44 44]
 [42 42 42]
 ...
 [79 79 79]
 [86 86 86]
 [94 94 94]]
[[61 61 61]
 [55 55 55]
 [49 49 49]
 ...
 [76 76 76]
 [82 82 82]
 [91 91 91]]
[[74 74 74]
 [69 69 69]
 [60 60 60]
 ...
 [73 73 73]
 [79 79 79]
 [88 88 88]]
[[84 84 84]
 [80 80 80]
 [73 73 73]
 ...
 [77 77 77]
 [83 83 83]
 [90 90 90]]
[[88 88 88]
 [86 86 86]
 [80 80 80]
 ...
 [87 87 87]
 [93 93 93]
 [97 97 97]]
[[ 85  85  85]
 [ 84  84  84]
 [ 80  80  80]
 ...
 [ 94  94  94]
 [100 100 100]
 [102 102 102]]
[[ 78  78  78]
 [ 78  78  78]
 [ 75  75  75]
 ...
 [ 96  96  96]
 [100 100 100]
 [104 104 104]]
[[71 71 71]
 [71 71 71]
 [70 70 70]
 ...
 [96 96 96]
 [97 97 97]
 [97 97 97]]
[[68 68 68]
 [68 68 68]
 [66 66 66]
 ...
 [88 88 88]
 [87 87 87]
 [89 89 89]]
[[65 65 65]
 [66 66 66]
 [67 67 67]
 ...
 [84 84 84]
 [82 82 82]
 [81 81 81]]
[[65 65 65]
 [67 67 67]
 [71 71 71]
 ...
 [81 81 81]
 [80 80 80]
 [77 77 77]]
[[68 68 68]
 [68 68 68]
 [72 72 72]
 ...
 [76 76 76]
 [75 75 75]
 [74 74 74]]
[[71 71 71]
 [69 69 69]
 [70 70 70]
 ...
 [72 72 72]
 [72 72 72]
 [74 74 74]]
[[74 74 74]
 [72 72 72]
 [74 74 74]
 ...
 [68 68 68]
 [70 70 70]
 [74 74 74]]
[[76 76 76]
 [75 75 75]
 [81 81 81]
 ...
 [63 63 63]
 [65 65 65]
 [71 71 71]]
[[75 75 75]
 [76 76 76]
 [84 84 84]
 ...
 [59 59 59]
 [62 62 62]
 [66 66 66]]
[[64 64 64]
 [65 65 65]
 [75 75 75]
 ...
 [59 59 59]
 [61 61 61]
 [67 67 67]]
[[56 56 56]
 [57 57 57]
 [65 65 65]
 ...
 [61 61 61]
 [62 62 62]
 [68 68 68]]
[[57 57 57]
 [54 54 54]
 [56 56 56]
 ...
 [61 61 61]
 [61 61 61]
 [65 65 65]]
[[74 74 74]
 [65 65 65]
 [61 61 61]
 ...
 [53 53 53]
 [52 52 52]
 [54 54 54]]
[[97 97 97]
 [85 85 85]
 [76 76 76]
 ...
 [41 41 41]
 [39 39 39]
 [41 41 41]]
[[121 121 121]
 [108 108 108]
 [ 98  98  98]
 ...
 [ 34  34  34]
 [ 33  33  33]
 [ 35  35  35]]
[[148 148 148]
 [138 138 138]
 [128 128 128]
 ...
 [ 34  34  34]
 [ 34  34  34]
 [ 35  35  35]]
[[159 159 159]
 [159 159 159]
 [150 150 150]
 ...
 [ 31  31  31]
 [ 32  32  32]
 [ 32  32  32]]
[[160 160 160]
 [161 161 161]
 [157 157 157]
 ...
 [ 29  29  29]
 [ 31  31  31]
 [ 31  31  31]]
[[160 160 160]
 [161 161 161]
 [160 160 160]
 ...
 [ 33  33  33]
 [ 34  34  34]
 [ 35  35  35]]
[[164 164 164]
 [165 165 165]
 [163 163 163]
 ...
 [ 40  40  40]
 [ 40  40  40]
 [ 42  42  42]]
[[161 161 161]
 [162 162 162]
 [162 162 162]
 ...
 [ 48  48  48]
 [ 47  47  47]
 [ 50  50  50]]
[[149 149 149]
 [152 152 152]
 [153 153 153]
 ...
 [ 59  59  59]
 [ 60  60  60]
 [ 63  63  63]]
[[123 123 123]
 [125 125 125]
 [127 127 127]
 ...
 [ 64  64  64]
 [ 66  66  66]
 [ 71  71  71]]
[[84 84 84]
 [85 85 85]
 [88 88 88]
 ...
 [57 57 57]
 [61 61 61]
 [67 67 67]]
[[76 76 76]
 [75 75 75]
 [77 77 77]
 ...
 [56 56 56]
 [61 61 61]
 [67 67 67]]
[[82 82 82]
 [81 81 81]
 [82 82 82]
 ...
 [55 55 55]
 [59 59 59]
 [65 65 65]]
[[92 92 92]
 [92 92 92]
 [94 94 94]
 ...
 [54 54 54]
 [56 56 56]
 [59 59 59]]
[[89 89 89]
 [89 89 89]
 [91 91 91]
 ...
 [50 50 50]
 [53 53 53]
 [55 55 55]]
[[99 99 99]
 [97 97 97]
 [96 96 96]
 ...
 [53 53 53]
 [57 57 57]
 [63 63 63]]
[[109 109 109]
 [106 106 106]
 [102 102 102]
 ...
 [ 67  67  67]
 [ 73  73  73]
 [ 77  77  77]]
[[118 118 118]
 [116 116 116]
 [112 112 112]
 ...
 [ 78  78  78]
 [ 83  83  83]
 [ 83  83  83]]
[[107 107 107]
 [107 107 107]
 [106 106 106]
 ...
 [ 76  76  76]
 [ 79  79  79]
 [ 82  82  82]]
[[100 100 100]
 [ 96  96  96]
 [ 92  92  92]
 ...
 [ 62  62  62]
 [ 69  69  69]
 [ 75  75  75]]
[[97 97 97]
 [91 91 91]
 [83 83 83]
 ...
 [57 57 57]
 [63 63 63]
 [71 71 71]]
[[93 93 93]
 [84 84 84]
 [72 72 72]
 ...
 [57 57 57]
 [62 62 62]
 [69 69 69]]
[[94 94 94]
 [83 83 83]
 [70 70 70]
 ...
 [63 63 63]
 [67 67 67]
 [72 72 72]]
[[94 94 94]
 [86 86 86]
 [75 75 75]
 ...
 [68 68 68]
 [70 70 70]
 [74 74 74]]
[[84 84 84]
 [80 80 80]
 [74 74 74]
 ...
 [73 73 73]
 [73 73 73]
 [72 72 72]]
[[74 74 74]
 [73 73 73]
 [71 71 71]
 ...
 [73 73 73]
 [71 71 71]
 [68 68 68]]
[[74 74 74]
 [75 75 75]
 [74 74 74]
 ...
 [67 67 67]
 [63 63 63]
 [66 66 66]]
[[88 88 88]
 [88 88 88]
 [90 90 90]
 ...
 [63 63 63]
 [64 64 64]
 [67 67 67]]
[[107 107 107]
 [108 108 108]
 [112 112 112]
 ...
 [ 62  62  62]
 [ 65  65  65]
 [ 73  73  73]]
[[114 114 114]
 [116 116 116]
 [121 121 121]
 ...
 [ 63  63  63]
 [ 68  68  68]
 [ 74  74  74]]
[[122 122 122]
 [123 123 123]
 [127 127 127]
 ...
 [ 67  67  67]
 [ 74  74  74]
 [ 88  88  88]]
[[134 134 134]
 [133 133 133]
 [134 134 134]
 ...
 [ 76  76  76]
 [ 83  83  83]
 [ 89  89  89]]
[[139 139 139]
 [137 137 137]
 [136 136 136]
 ...
 [ 89  89  89]
 [ 94  94  94]
 [ 98  98  98]]
[[138 138 138]
 [136 136 136]
 [135 135 135]
 ...
 [ 97  97  97]
 [ 99  99  99]
 [101 101 101]]
[[128 128 128]
 [128 128 128]
 [128 128 128]
 ...
 [ 96  96  96]
 [ 98  98  98]
 [ 98  98  98]]
[[114 114 114]
 [112 112 112]
 [112 112 112]
 ...
 [ 90  90  90]
 [ 91  91  91]
 [ 92  92  92]]
[[102 102 102]
 [100 100 100]
 [101 101 101]
 ...
 [ 84  84  84]
 [ 84  84  84]
 [ 85  85  85]]
[[100 100 100]
 [ 99  99  99]
 [ 99  99  99]
 ...
 [ 76  76  76]
 [ 76  76  76]
 [ 78  78  78]]
[[105 105 105]
 [104 104 104]
 [105 105 105]
 ...
 [ 74  74  74]
 [ 74  74  74]
 [ 77  77  77]]
[[107 107 107]
 [108 108 108]
 [108 108 108]
 ...
 [ 77  77  77]
 [ 77  77  77]
 [ 80  80  80]]
[[114 114 114]
 [114 114 114]
 [114 114 114]
 ...
 [ 75  75  75]
 [ 75  75  75]
 [ 77  77  77]]
[[122 122 122]
 [122 122 122]
 [120 120 120]
 ...
 [ 71  71  71]
 [ 70  70  70]
 [ 73  73  73]]
[[123 123 123]
 [123 123 123]
 [121 121 121]
 ...
 [ 69  69  69]
 [ 69  69  69]
 [ 72  72  72]]
[[127 127 127]
 [128 128 128]
 [127 127 127]
 ...
 [ 69  69  69]
 [ 69  69  69]
 [ 71  71  71]]
[[133 133 133]
 [132 132 132]
 [130 130 130]
 ...
 [ 66  66  66]
 [ 67  67  67]
 [ 70  70  70]]
[[137 137 137]
 [135 135 135]
 [131 131 131]
 ...
 [ 68  68  68]
 [ 69  69  69]
 [ 72  72  72]]
[[137 137 137]
 [135 135 135]
 [131 131 131]
 ...
 [ 75  75  75]
 [ 76  76  76]
 [ 77  77  77]]
[[135 135 135]
 [132 132 132]
 [127 127 127]
 ...
 [ 78  78  78]
 [ 79  79  79]
 [ 78  78  78]]
[[133 133 133]
 [127 127 127]
 [120 120 120]
 ...
 [ 75  75  75]
 [ 75  75  75]
 [ 71  71  71]]
[[133 133 133]
 [127 127 127]
 [121 121 121]
 ...
 [ 73  73  73]
 [ 71  71  71]
 [ 67  67  67]]
[[137 137 137]
 [132 132 132]
 [128 128 128]
 ...
 [ 74  74  74]
 [ 71  71  71]
 [ 71  71  71]]
[[129 129 129]
 [130 130 130]
 [133 133 133]
 ...
 [ 78  78  78]
 [ 78  78  78]
 [ 79  79  79]]
[[115 115 115]
 [115 115 115]
 [117 117 117]
 ...
 [ 80  80  80]
 [ 82  82  82]
 [ 83  83  83]]
[[92 92 92]
 [92 92 92]
 [92 92 92]
 ...
 [81 81 81]
 [83 83 83]
 [85 85 85]]
[[74 74 74]
 [73 73 73]
 [71 71 71]
 ...
 [80 80 80]
 [81 81 81]
 [85 85 85]]
[[62 62 62]
 [60 60 60]
 [58 58 58]
 ...
 [76 76 76]
 [77 77 77]
 [79 79 79]]
[[53 53 53]
 [51 51 51]
 [50 50 50]
 ...
 [67 67 67]
 [69 69 69]
 [70 70 70]]
[[53 53 53]
 [49 49 49]
 [47 47 47]
 ...
 [61 61 61]
 [64 64 64]
 [66 66 66]]
[[58 58 58]
 [53 53 53]
 [49 49 49]
 ...
 [62 62 62]
 [65 65 65]
 [69 69 69]]
[[63 63 63]
 [58 58 58]
 [54 54 54]
 ...
 [66 66 66]
 [67 67 67]
 [73 73 73]]
[[74 74 74]
 [70 70 70]
 [65 65 65]
 ...
 [69 69 69]
 [71 71 71]
 [75 75 75]]
[[88 88 88]
 [84 84 84]
 [79 79 79]
 ...
 [72 72 72]
 [75 75 75]
 [81 81 81]]
[[89 89 89]
 [88 88 88]
 [85 85 85]
 ...
 [73 73 73]
 [76 76 76]
 [84 84 84]]
[[80 80 80]
 [82 82 82]
 [84 84 84]
 ...
 [75 75 75]
 [77 77 77]
 [82 82 82]]
[[77 77 77]
 [81 81 81]
 [85 85 85]
 ...
 [76 76 76]
 [78 78 78]
 [79 79 79]]
[[77 77 77]
 [81 81 81]
 [83 83 83]
 ...
 [74 74 74]
 [75 75 75]
 [74 74 74]]
[[73 73 73]
 [76 76 76]
 [77 77 77]
 ...
 [69 69 69]
 [71 71 71]
 [69 69 69]]
[[75 75 75]
 [74 74 74]
 [75 75 75]
 ...
 [68 68 68]
 [68 68 68]
 [67 67 67]]
[[84 84 84]
 [84 84 84]
 [85 85 85]
 ...
 [73 73 73]
 [72 72 72]
 [72 72 72]]
[[90 90 90]
 [91 91 91]
 [94 94 94]
 ...
 [80 80 80]
 [79 79 79]
 [77 77 77]]
[[91 91 91]
 [92 92 92]
 [95 95 95]
 ...
 [82 82 82]
 [82 82 82]
 [76 76 76]]
[[92 92 92]
 [92 92 92]
 [93 93 93]
 ...
 [79 79 79]
 [79 79 79]
 [75 75 75]]
[[96 96 96]
 [95 95 95]
 [94 94 94]
 ...
 [77 77 77]
 [78 78 78]
 [78 78 78]]
[[105 105 105]
 [104 104 104]
 [102 102 102]
 ...
 [ 74  74  74]
 [ 76  76  76]
 [ 79  79  79]]
[[114 114 114]
 [114 114 114]
 [113 113 113]
 ...
 [ 69  69  69]
 [ 71  71  71]
 [ 75  75  75]]
[[115 115 115]
 [118 118 118]
 [120 120 120]
 ...
 [ 66  66  66]
 [ 67  67  67]
 [ 68  68  68]]
[[123 123 123]
 [122 122 122]
 [121 121 121]
 ...
 [ 63  63  63]
 [ 64  64  64]
 [ 64  64  64]]
[[131 131 131]
 [128 128 128]
 [124 124 124]
 ...
 [ 60  60  60]
 [ 63  63  63]
 [ 63  63  63]]
[[135 135 135]
 [134 134 134]
 [132 132 132]
 ...
 [ 62  62  62]
 [ 66  66  66]
 [ 71  71  71]]
[[133 133 133]
 [134 134 134]
 [135 135 135]
 ...
 [ 70  70  70]
 [ 76  76  76]
 [ 83  83  83]]
[[124 124 124]
 [125 125 125]
 [127 127 127]
 ...
 [ 80  80  80]
 [ 87  87  87]
 [ 93  93  93]]
[[118 118 118]
 [119 119 119]
 [120 120 120]
 ...
 [ 86  86  86]
 [ 91  91  91]
 [ 94  94  94]]
[[118 118 118]
 [119 119 119]
 [120 120 120]
 ...
 [ 87  87  87]
 [ 91  91  91]
 [ 92  92  92]]
[[115 115 115]
 [114 114 114]
 [116 116 116]
 ...
 [ 92  92  92]
 [ 91  91  91]
 [ 93  93  93]]
[[103 103 103]
 [102 102 102]
 [103 103 103]
 ...
 [ 93  93  93]
 [ 91  91  91]
 [ 87  87  87]]
[[101 101 101]
 [ 98  98  98]
 [ 97  97  97]
 ...
 [ 91  91  91]
 [ 86  86  86]
 [ 78  78  78]]
[[104 104 104]
 [100 100 100]
 [ 96  96  96]
 ...
 [ 83  83  83]
 [ 77  77  77]
 [ 71  71  71]]
[[111 111 111]
 [107 107 107]
 [103 103 103]
 ...
 [ 76  76  76]
 [ 72  72  72]
 [ 69  69  69]]
[[115 115 115]
 [112 112 112]
 [109 109 109]
 ...
 [ 76  76  76]
 [ 74  74  74]
 [ 73  73  73]]
[[118 118 118]
 [116 116 116]
 [114 114 114]
 ...
 [ 81  81  81]
 [ 81  81  81]
 [ 79  79  79]]
[[131 131 131]
 [129 129 129]
 [127 127 127]
 ...
 [ 85  85  85]
 [ 86  86  86]
 [ 83  83  83]]
[[139 139 139]
 [139 139 139]
 [139 139 139]
 ...
 [ 80  80  80]
 [ 81  81  81]
 [ 78  78  78]]
[[138 138 138]
 [139 139 139]
 [141 141 141]
 ...
 [ 71  71  71]
 [ 72  72  72]
 [ 66  66  66]]
[[135 135 135]
 [137 137 137]
 [140 140 140]
 ...
 [ 60  60  60]
 [ 61  61  61]
 [ 56  56  56]]
[[135 135 135]
 [136 136 136]
 [137 137 137]
 ...
 [ 50  50  50]
 [ 53  53  53]
 [ 58  58  58]]
[[136 136 136]
 [136 136 136]
 [135 135 135]
 ...
 [ 53  53  53]
 [ 60  60  60]
 [ 67  67  67]]
[[136 136 136]
 [134 134 134]
 [132 132 132]
 ...
 [ 61  61  61]
 [ 68  68  68]
 [ 75  75  75]]
[[136 136 136]
 [135 135 135]
 [133 133 133]
 ...
 [ 62  62  62]
 [ 67  67  67]
 [ 80  80  80]]
[[139 139 139]
 [139 139 139]
 [138 138 138]
 ...
 [ 69  69  69]
 [ 72  72  72]
 [ 82  82  82]]
[[136 136 136]
 [137 137 137]
 [140 140 140]
 ...
 [ 79  79  79]
 [ 82  82  82]
 [ 90  90  90]]
[[120 120 120]
 [122 122 122]
 [127 127 127]
 ...
 [ 87  87  87]
 [ 90  90  90]
 [ 95  95  95]]
[[ 98  98  98]
 [101 101 101]
 [106 106 106]
 ...
 [ 92  92  92]
 [ 95  95  95]
 [100 100 100]]
[[84 84 84]
 [85 85 85]
 [88 88 88]
 ...
 [90 90 90]
 [94 94 94]
 [99 99 99]]
[[ 83  83  83]
 [ 82  82  82]
 [ 81  81  81]
 ...
 [ 91  91  91]
 [ 96  96  96]
 [100 100 100]]
[[ 85  85  85]
 [ 83  83  83]
 [ 81  81  81]
 ...
 [ 95  95  95]
 [101 101 101]
 [108 108 108]]
[[ 79  79  79]
 [ 79  79  79]
 [ 79  79  79]
 ...
 [ 95  95  95]
 [101 101 101]
 [110 110 110]]
[[ 71  71  71]
 [ 73  73  73]
 [ 76  76  76]
 ...
 [ 92  92  92]
 [ 98  98  98]
 [104 104 104]]
[[64 64 64]
 [64 64 64]
 [66 66 66]
 ...
 [87 87 87]
 [92 92 92]
 [97 97 97]]
[[64 64 64]
 [63 63 63]
 [63 63 63]
 ...
 [83 83 83]
 [87 87 87]
 [91 91 91]]
[[65 65 65]
 [63 63 63]
 [62 62 62]
 ...
 [76 76 76]
 [79 79 79]
 [82 82 82]]
[[69 69 69]
 [66 66 66]
 [64 64 64]
 ...
 [72 72 72]
 [75 75 75]
 [76 76 76]]
[[72 72 72]
 [69 69 69]
 [66 66 66]
 ...
 [73 73 73]
 [75 75 75]
 [75 75 75]]
[[73 73 73]
 [70 70 70]
 [67 67 67]
 ...
 [72 72 72]
 [73 73 73]
 [73 73 73]]
[[71 71 71]
 [69 69 69]
 [68 68 68]
 ...
 [73 73 73]
 [74 74 74]
 [75 75 75]]
[[70 70 70]
 [69 69 69]
 [70 70 70]
 ...
 [77 77 77]
 [79 79 79]
 [80 80 80]]
[[94 94 94]
 [89 89 89]
 [82 82 82]
 ...
 [87 87 87]
 [89 89 89]
 [90 90 90]]
[[102 102 102]
 [ 99  99  99]
 [ 95  95  95]
 ...
 [ 95  95  95]
 [ 98  98  98]
 [ 98  98  98]]
[[110 110 110]
 [109 109 109]
 [106 106 106]
 ...
 [101 101 101]
 [104 104 104]
 [104 104 104]]
[[107 107 107]
 [105 105 105]
 [102 102 102]
 ...
 [ 96  96  96]
 [ 98  98  98]
 [101 101 101]]
[[98 98 98]
 [95 95 95]
 [91 91 91]
 ...
 [85 85 85]
 [87 87 87]
 [90 90 90]]
[[94 94 94]
 [90 90 90]
 [85 85 85]
 ...
 [77 77 77]
 [79 79 79]
 [79 79 79]]
[[87 87 87]
 [86 86 86]
 [84 84 84]
 ...
 [75 75 75]
 [74 74 74]
 [74 74 74]]
[[75 75 75]
 [78 78 78]
 [81 81 81]
 ...
 [75 75 75]
 [73 73 73]
 [73 73 73]]
[[84 84 84]
 [82 82 82]
 [79 79 79]
 ...
 [77 77 77]
 [75 75 75]
 [73 73 73]]
[[106 106 106]
 [102 102 102]
 [ 97  97  97]
 ...
 [ 78  78  78]
 [ 76  76  76]
 [ 76  76  76]]
[[128 128 128]
 [125 125 125]
 [120 120 120]
 ...
 [ 85  85  85]
 [ 85  85  85]
 [ 80  80  80]]
[[135 135 135]
 [134 134 134]
 [132 132 132]
 ...
 [ 92  92  92]
 [ 92  92  92]
 [ 86  86  86]]
[[124 124 124]
 [124 124 124]
 [126 126 126]
 ...
 [ 92  92  92]
 [ 92  92  92]
 [ 90  90  90]]
[[103 103 103]
 [105 105 105]
 [108 108 108]
 ...
 [ 91  91  91]
 [ 91  91  91]
 [ 89  89  89]]
[[90 90 90]
 [90 90 90]
 [90 90 90]
 ...
 [87 87 87]
 [87 87 87]
 [83 83 83]]
[[88 88 88]
 [85 85 85]
 [82 82 82]
 ...
 [80 80 80]
 [79 79 79]
 [75 75 75]]
[[92 92 92]
 [92 92 92]
 [92 92 92]
 ...
 [75 75 75]
 [74 74 74]
 [69 69 69]]
[[101 101 101]
 [100 100 100]
 [ 99  99  99]
 ...
 [ 65  65  65]
 [ 64  64  64]
 [ 64  64  64]]
[[110 110 110]
 [109 109 109]
 [108 108 108]
 ...
 [ 59  59  59]
 [ 60  60  60]
 [ 64  64  64]]
[[113 113 113]
 [112 112 112]
 [113 113 113]
 ...
 [ 58  58  58]
 [ 61  61  61]
 [ 64  64  64]]
[[114 114 114]
 [114 114 114]
 [114 114 114]
 ...
 [ 56  56  56]
 [ 58  58  58]
 [ 58  58  58]]
[[114 114 114]
 [113 113 113]
 [111 111 111]
 ...
 [ 54  54  54]
 [ 53  53  53]
 [ 55  55  55]]
[[99 99 99]
 [98 98 98]
 [97 97 97]
 ...
 [54 54 54]
 [53 53 53]
 [57 57 57]]
[[78 78 78]
 [79 79 79]
 [79 79 79]
 ...
 [54 54 54]
 [55 55 55]
 [58 58 58]]
[[61 61 61]
 [59 59 59]
 [57 57 57]
 ...
 [49 49 49]
 [49 49 49]
 [53 53 53]]
[[61 61 61]
 [58 58 58]
 [55 55 55]
 ...
 [49 49 49]
 [49 49 49]
 [49 49 49]]
[[72 72 72]
 [69 69 69]
 [66 66 66]
 ...
 [49 49 49]
 [48 48 48]
 [49 49 49]]
[[84 84 84]
 [82 82 82]
 [80 80 80]
 ...
 [53 53 53]
 [52 52 52]
 [53 53 53]]
[[87 87 87]
 [85 85 85]
 [83 83 83]
 ...
 [55 55 55]
 [54 54 54]
 [52 52 52]]
[[93 93 93]
 [88 88 88]
 [83 83 83]
 ...
 [50 50 50]
 [50 50 50]
 [49 49 49]]
[[98 98 98]
 [92 92 92]
 [85 85 85]
 ...
 [48 48 48]
 [49 49 49]
 [54 54 54]]
[[94 94 94]
 [90 90 90]
 [85 85 85]
 ...
 [55 55 55]
 [57 57 57]
 [64 64 64]]
[[95 95 95]
 [94 94 94]
 [93 93 93]
 ...
 [63 63 63]
 [63 63 63]
 [65 65 65]]
[[93 93 93]
 [93 93 93]
 [92 92 92]
 ...
 [55 55 55]
 [54 54 54]
 [57 57 57]]
[[87 87 87]
 [86 86 86]
 [86 86 86]
 ...
 [47 47 47]
 [47 47 47]
 [49 49 49]]
[[80 80 80]
 [79 79 79]
 [78 78 78]
 ...
 [50 50 50]
 [52 52 52]
 [51 51 51]]
[[79 79 79]
 [77 77 77]
 [76 76 76]
 ...
 [63 63 63]
 [65 65 65]
 [62 62 62]]
[[85 85 85]
 [84 84 84]
 [82 82 82]
 ...
 [71 71 71]
 [70 70 70]
 [68 68 68]]
[[93 93 93]
 [92 92 92]
 [91 91 91]
 ...
 [70 70 70]
 [67 67 67]
 [65 65 65]]
[[97 97 97]
 [97 97 97]
 [96 96 96]
 ...
 [68 68 68]
 [65 65 65]
 [60 60 60]]
[[85 85 85]
 [88 88 88]
 [91 91 91]
 ...
 [61 61 61]
 [62 62 62]
 [59 59 59]]
[[79 79 79]
 [80 80 80]
 [82 82 82]
 ...
 [52 52 52]
 [52 52 52]
 [53 53 53]]
[[80 80 80]
 [78 78 78]
 [76 76 76]
 ...
 [49 49 49]
 [49 49 49]
 [48 48 48]]
[[85 85 85]
 [82 82 82]
 [78 78 78]
 ...
 [52 52 52]
 [51 51 51]
 [47 47 47]]
[[82 82 82]
 [80 80 80]
 [77 77 77]
 ...
 [53 53 53]
 [52 52 52]
 [51 51 51]]
[[71 71 71]
 [70 70 70]
 [68 68 68]
 ...
 [56 56 56]
 [55 55 55]
 [55 55 55]]
[[62 62 62]
 [61 61 61]
 [59 59 59]
 ...
 [57 57 57]
 [57 57 57]
 [57 57 57]]
[[57 57 57]
 [56 56 56]
 [55 55 55]
 ...
 [54 54 54]
 [54 54 54]
 [57 57 57]]
[[59 59 59]
 [58 58 58]
 [57 57 57]
 ...
 [49 49 49]
 [49 49 49]
 [51 51 51]]
[[64 64 64]
 [64 64 64]
 [64 64 64]
 ...
 [48 48 48]
 [48 48 48]
 [50 50 50]]
[[66 66 66]
 [67 67 67]
 [69 69 69]
 ...
 [56 56 56]
 [56 56 56]
 [55 55 55]]
[[65 65 65]
 [67 67 67]
 [71 71 71]
 ...
 [66 66 66]
 [66 66 66]
 [63 63 63]]
[[67 67 67]
 [69 69 69]
 [72 72 72]
 ...
 [67 67 67]
 [66 66 66]
 [64 64 64]]
[[74 74 74]
 [74 74 74]
 [75 75 75]
 ...
 [65 65 65]
 [64 64 64]
 [57 57 57]]
[[76 76 76]
 [76 76 76]
 [76 76 76]
 ...
 [60 60 60]
 [59 59 59]
 [54 54 54]]
[[73 73 73]
 [74 74 74]
 [74 74 74]
 ...
 [53 53 53]
 [52 52 52]
 [55 55 55]]
[[71 71 71]
 [70 70 70]
 [68 68 68]
 ...
 [54 54 54]
 [54 54 54]
 [62 62 62]]
[[68 68 68]
 [66 66 66]
 [64 64 64]
 ...
 [60 60 60]
 [60 60 60]
 [63 63 63]]
[[68 68 68]
 [67 67 67]
 [64 64 64]
 ...
 [65 65 65]
 [65 65 65]
 [64 64 64]]
[[73 73 73]
 [71 71 71]
 [69 69 69]
 ...
 [63 63 63]
 [63 63 63]
 [63 63 63]]
[[72 72 72]
 [72 72 72]
 [70 70 70]
 ...
 [58 58 58]
 [57 57 57]
 [59 59 59]]
[[67 67 67]
 [66 66 66]
 [66 66 66]
 ...
 [54 54 54]
 [53 53 53]
 [55 55 55]]
[[65 65 65]
 [64 64 64]
 [63 63 63]
 ...
 [54 54 54]
 [54 54 54]
 [56 56 56]]
[[67 67 67]
 [66 66 66]
 [65 65 65]
 ...
 [56 56 56]
 [56 56 56]
 [60 60 60]]
[[70 70 70]
 [68 68 68]
 [67 67 67]
 ...
 [62 62 62]
 [61 61 61]
 [63 63 63]]
[[68 68 68]
 [67 67 67]
 [67 67 67]
 ...
 [66 66 66]
 [66 66 66]
 [67 67 67]]
[[63 63 63]
 [64 64 64]
 [65 65 65]
 ...
 [73 73 73]
 [73 73 73]
 [70 70 70]]
[[56 56 56]
 [56 56 56]
 [57 57 57]
 ...
 [75 75 75]
 [76 76 76]
 [75 75 75]]
[[61 61 61]
 [61 61 61]
 [60 60 60]
 ...
 [72 72 72]
 [72 72 72]
 [77 77 77]]
[[70 70 70]
 [69 69 69]
 [67 67 67]
 ...
 [66 66 66]
 [66 66 66]
 [68 68 68]]
[[68 68 68]
 [68 68 68]
 [68 68 68]
 ...
 [63 63 63]
 [63 63 63]
 [62 62 62]]
[[72 72 72]
 [74 74 74]
 [76 76 76]
 ...
 [64 64 64]
 [64 64 64]
 [65 65 65]]
[[70 70 70]
 [73 73 73]
 [74 74 74]
 ...
 [68 68 68]
 [69 69 69]
 [66 66 66]]
[[66 66 66]
 [68 68 68]
 [69 69 69]
 ...
 [61 61 61]
 [60 60 60]
 [66 66 66]]
[[66 66 66]
 [67 67 67]
 [67 67 67]
 ...
 [56 56 56]
 [57 57 57]
 [64 64 64]]
[[65 65 65]
 [65 65 65]
 [64 64 64]
 ...
 [66 66 66]
 [69 69 69]
 [74 74 74]]
[[56 56 56]
 [55 55 55]
 [54 54 54]
 ...
 [87 87 87]
 [91 91 91]
 [98 98 98]]
[[ 44  44  44]
 [ 43  43  43]
 [ 45  45  45]
 ...
 [107 107 107]
 [109 109 109]
 [113 113 113]]
[[ 40  40  40]
 [ 38  38  38]
 [ 40  40  40]
 ...
 [116 116 116]
 [116 116 116]
 [114 114 114]]
[[ 40  40  40]
 [ 38  38  38]
 [ 38  38  38]
 ...
 [116 116 116]
 [115 115 115]
 [111 111 111]]
[[ 47  47  47]
 [ 46  46  46]
 [ 44  44  44]
 ...
 [108 108 108]
 [106 106 106]
 [101 101 101]]
[[ 52  52  52]
 [ 50  50  50]
 [ 48  48  48]
 ...
 [103 103 103]
 [ 99  99  99]
 [ 96  96  96]]
[[ 56  56  56]
 [ 54  54  54]
 [ 53  53  53]
 ...
 [107 107 107]
 [104 104 104]
 [102 102 102]]
[[ 61  61  61]
 [ 60  60  60]
 [ 59  59  59]
 ...
 [116 116 116]
 [115 115 115]
 [112 112 112]]
[[ 68  68  68]
 [ 66  66  66]
 [ 65  65  65]
 ...
 [119 119 119]
 [117 117 117]
 [110 110 110]]
[[ 67  67  67]
 [ 65  65  65]
 [ 64  64  64]
 ...
 [116 116 116]
 [112 112 112]
 [101 101 101]]
[[ 63  63  63]
 [ 62  62  62]
 [ 61  61  61]
 ...
 [102 102 102]
 [ 97  97  97]
 [ 86  86  86]]
[[65 65 65]
 [64 64 64]
 [62 62 62]
 ...
 [81 81 81]
 [77 77 77]
 [70 70 70]]
[[63 63 63]
 [63 63 63]
 [63 63 63]
 ...
 [63 63 63]
 [66 66 66]
 [63 63 63]]
[[62 62 62]
 [62 62 62]
 [62 62 62]
 ...
 [60 60 60]
 [63 63 63]
 [66 66 66]]
[[63 63 63]
 [63 63 63]
 [62 62 62]
 ...
 [64 64 64]
 [68 68 68]
 [73 73 73]]
[[69 69 69]
 [68 68 68]
 [67 67 67]
 ...
 [74 74 74]
 [79 79 79]
 [82 82 82]]
[[76 76 76]
 [76 76 76]
 [74 74 74]
 ...
 [82 82 82]
 [88 88 88]
 [89 89 89]]
[[80 80 80]
 [80 80 80]
 [79 79 79]
 ...
 [90 90 90]
 [94 94 94]
 [94 94 94]]
[[ 79  79  79]
 [ 79  79  79]
 [ 79  79  79]
 ...
 [ 98  98  98]
 [100 100 100]
 [ 99  99  99]]
[[ 78  78  78]
 [ 78  78  78]
 [ 77  77  77]
 ...
 [103 103 103]
 [104 104 104]
 [103 103 103]]
[[ 74  74  74]
 [ 75  75  75]
 [ 77  77  77]
 ...
 [103 103 103]
 [103 103 103]
 [105 105 105]]
[[ 73  73  73]
 [ 75  75  75]
 [ 76  76  76]
 ...
 [100 100 100]
 [ 99  99  99]
 [ 97  97  97]]
[[74 74 74]
 [75 75 75]
 [77 77 77]
 ...
 [92 92 92]
 [92 92 92]
 [88 88 88]]
[[78 78 78]
 [79 79 79]
 [80 80 80]
 ...
 [85 85 85]
 [85 85 85]
 [81 81 81]]
[[84 84 84]
 [84 84 84]
 [84 84 84]
 ...
 [81 81 81]
 [80 80 80]
 [81 81 81]]
[[87 87 87]
 [87 87 87]
 [87 87 87]
 ...
 [80 80 80]
 [80 80 80]
 [85 85 85]]
[[86 86 86]
 [87 87 87]
 [87 87 87]
 ...
 [81 81 81]
 [81 81 81]
 [85 85 85]]
[[84 84 84]
 [85 85 85]
 [86 86 86]
 ...
 [80 80 80]
 [81 81 81]
 [80 80 80]]
[[86 86 86]
 [87 87 87]
 [88 88 88]
 ...
 [83 83 83]
 [82 82 82]
 [81 81 81]]
[[88 88 88]
 [88 88 88]
 [89 89 89]
 ...
 [88 88 88]
 [86 86 86]
 [82 82 82]]
[[88 88 88]
 [88 88 88]
 [89 89 89]
 ...
 [88 88 88]
 [86 86 86]
 [84 84 84]]
[[92 92 92]
 [92 92 92]
 [94 94 94]
 ...
 [86 86 86]
 [84 84 84]
 [86 86 86]]
[[92 92 92]
 [94 94 94]
 [95 95 95]
 ...
 [89 89 89]
 [86 86 86]
 [87 87 87]]
[[ 96  96  96]
 [ 98  98  98]
 [100 100 100]
 ...
 [ 90  90  90]
 [ 88  88  88]
 [ 85  85  85]]
[[101 101 101]
 [104 104 104]
 [108 108 108]
 ...
 [ 88  88  88]
 [ 86  86  86]
 [ 82  82  82]]
[[ 93  93  93]
 [ 97  97  97]
 [102 102 102]
 ...
 [ 86  86  86]
 [ 84  84  84]
 [ 78  78  78]]
[[94 94 94]
 [96 96 96]
 [99 99 99]
 ...
 [83 83 83]
 [79 79 79]
 [73 73 73]]
[[ 97  97  97]
 [ 99  99  99]
 [101 101 101]
 ...
 [ 78  78  78]
 [ 73  73  73]
 [ 67  67  67]]
[[100 100 100]
 [102 102 102]
 [103 103 103]
 ...
 [ 70  70  70]
 [ 66  66  66]
 [ 62  62  62]]
[[102 102 102]
 [104 104 104]
 [106 106 106]
 ...
 [ 67  67  67]
 [ 64  64  64]
 [ 60  60  60]]
[[ 99  99  99]
 [101 101 101]
 [104 104 104]
 ...
 [ 68  68  68]
 [ 67  67  67]
 [ 65  65  65]]
[[90 90 90]
 [92 92 92]
 [94 94 94]
 ...
 [72 72 72]
 [73 73 73]
 [76 76 76]]
[[84 84 84]
 [85 85 85]
 [85 85 85]
 ...
 [76 76 76]
 [78 78 78]
 [82 82 82]]
[[85 85 85]
 [85 85 85]
 [83 83 83]
 ...
 [79 79 79]
 [81 81 81]
 [80 80 80]]
[[84 84 84]
 [84 84 84]
 [84 84 84]
 ...
 [81 81 81]
 [83 83 83]
 [84 84 84]]
[[77 77 77]
 [77 77 77]
 [78 78 78]
 ...
 [86 86 86]
 [88 88 88]
 [89 89 89]]
[[74 74 74]
 [73 73 73]
 [73 73 73]
 ...
 [90 90 90]
 [91 91 91]
 [93 93 93]]
[[73 73 73]
 [72 72 72]
 [70 70 70]
 ...
 [88 88 88]
 [89 89 89]
 [92 92 92]]
[[69 69 69]
 [67 67 67]
 [65 65 65]
 ...
 [84 84 84]
 [85 85 85]
 [87 87 87]]
[[64 64 64]
 [63 63 63]
 [60 60 60]
 ...
 [78 78 78]
 [79 79 79]
 [81 81 81]]
[[65 65 65]
 [64 64 64]
 [62 62 62]
 ...
 [68 68 68]
 [71 71 71]
 [72 72 72]]
[[67 67 67]
 [67 67 67]
 [66 66 66]
 ...
 [60 60 60]
 [63 63 63]
 [63 63 63]]
[[73 73 73]
 [73 73 73]
 [73 73 73]
 ...
 [58 58 58]
 [59 59 59]
 [64 64 64]]
[[77 77 77]
 [78 78 78]
 [77 77 77]
 ...
 [64 64 64]
 [66 66 66]
 [68 68 68]]
[[77 77 77]
 [79 79 79]
 [80 80 80]
 ...
 [62 62 62]
 [63 63 63]
 [61 61 61]]
[[81 81 81]
 [84 84 84]
 [87 87 87]
 ...
 [57 57 57]
 [58 58 58]
 [62 62 62]]
[[77 77 77]
 [82 82 82]
 [88 88 88]
 ...
 [60 60 60]
 [60 60 60]
 [64 64 64]]
[[68 68 68]
 [74 74 74]
 [82 82 82]
 ...
 [59 59 59]
 [61 61 61]
 [60 60 60]]
