tensor([[-1.6153, -1.6150, -1.6153,  ..., -1.6151, -1.6152, -1.6153],
        [-1.6151, -1.6151, -1.6153,  ..., -1.5975, -1.5976, -1.5980],
        [-1.6153, -1.6153, -1.6150,  ..., -1.5981, -1.5982, -1.5989],
        ...,
        [-1.6092, -1.6090, -1.6087,  ..., -1.6110, -1.6109, -1.6106],
        [-1.6095, -1.6091, -1.6087,  ..., -1.6108, -1.6108, -1.6105],
        [-1.6102, -1.6097, -1.6091,  ..., -1.6108, -1.6107, -1.6108]])
tensor([[-0.3097, -0.3089, -0.3097,  ..., -0.3091, -0.3095, -0.3097],
        [-0.3093, -0.3091, -0.3097,  ..., -0.2609, -0.2611, -0.2621],
        [-0.3097, -0.3097, -0.3089,  ..., -0.2625, -0.2627, -0.2648],
        ...,
        [-0.2930, -0.2923, -0.2917,  ..., -0.2979, -0.2977, -0.2969],
        [-0.2938, -0.2928, -0.2915,  ..., -0.2973, -0.2973, -0.2965],
        [-0.2957, -0.2944, -0.2928,  ..., -0.2975, -0.2971, -0.2973]])
tensor([[-0.3797, -0.3794, -0.3797,  ..., -0.3795, -0.3796, -0.3797],
        [-0.3796, -0.3795, -0.3797,  ..., -0.3651, -0.3651, -0.3654],
        [-0.3797, -0.3797, -0.3794,  ..., -0.3656, -0.3656, -0.3662],
        ...,
        [-0.3747, -0.3745, -0.3743,  ..., -0.3762, -0.3761, -0.3758],
        [-0.3749, -0.3746, -0.3742,  ..., -0.3760, -0.3760, -0.3757],
        [-0.3755, -0.3751, -0.3746,  ..., -0.3760, -0.3759, -0.3760]])
